1 0.597673 0.339388 0.352091 -0.190678 -0.304983 -0.0991403 0.0833851 -0.0179806 0.124348 0.123839 -0.0151047 -0.244987 -0.244794 -0.0961976 -0.250409 -0.0343108 -0.036876 -0.15906 -0.159538 -0.143491 -0.0949366 -0.1436 -0.0168322 -0.0133264 -0.0914625 -0.0775821 -0.0118489 -0.0445446 -0.0806985 0.073812 0.0138441 0.0574981 0.0569868 0.126702 0.0488269 0.0862476 -0.0699815 0.057312 -0.0904773 -0.116933 -0.029695 0.0199795 -0.015076 0.0673443 -0.00630087 0.0696127 0.0245745 0.0607227 0.00924659 0.0285568 -0.0406622 -0.0827785 -0.0237665 0.0340817 
0.597673 1 0.622541 0.512796 -0.504617 -0.50311 -0.169917 -0.0268443 0.190342 0.0070858 0.00644839 -0.0507358 -0.0506153 -0.0502188 -0.155534 -0.103951 0.0527048 0.0549445 -0.00803578 -0.00812286 0.0205734 0.0209194 0.0200146 0.00215507 0.00306165 0.0471363 -0.00251782 0.0956279 -0.00842762 0.125564 0.0615954 0.0417459 0.185559 0.184754 0.099673 0.183813 0.07919 0.0765965 0.0103872 -0.0478465 -0.0132421 -0.0909308 -0.0633932 0.0484536 0.123239 0.0595073 0.121497 0.00738657 0.142389 0.00959516 0.0529606 0.0118432 -0.0209199 -0.0518917 0.0601984 
0.339388 0.622541 1 0.891682 -0.868381 -0.620886 0.108347 -0.114123 0.0889426 -0.132635 -0.133238 -0.0795655 -0.104553 -0.10507 -0.0801939 0.0518037 -0.0580955 -0.106442 -0.063209 -0.0628464 -0.0095554 0.0602853 -0.010029 0.0552599 0.0554847 -0.0812564 0.0245966 -0.00833225 0.0478836 0.0263418 0.0722135 0.117069 0.0803763 0.0804207 0.160185 0.083071 0.143705 -0.10392 0.0688303 -0.0350844 -0.0463682 -0.0800565 -0.0542457 0.0481135 0.0016433 -0.0505245 -0.00532383 -0.0181164 0.0114378 0.0686764 0.028435 0.0120918 -0.00905383 -0.0943162 0.0507133 
0.352091 0.512796 0.891682 1 -0.788145 -0.703232 0.123554 -0.109013 -0.0311335 -0.233052 -0.234251 -0.0492089 -0.104389 -0.104803 -0.10045 0.0416831 -0.101076 -0.101329 -0.0593984 -0.0590772 -0.00413489 0.119071 -0.00468856 0.0487665 0.0482289 -0.110468 0.0022161 -0.0171174 0.0750456 0.0559484 0.0955956 0.163025 0.0652606 0.0653991 0.171017 0.0651819 0.153787 -0.134209 0.0894606 -0.0381496 -0.0451047 -0.0749237 -0.0487916 0.0245165 -0.0354726 -0.0582619 -0.0444611 -0.0284466 0.0167142 0.057398 0.0625646 0.0492389 -0.0255034 -0.0789834 0.0884802 
-0.190678 -0.504617 -0.868381 -0.788145 1 0.672232 -0.110768 0.26547 -0.0364212 0.183775 0.185438 0.0831449 0.119289 0.118977 0.0949067 -0.0528224 0.109566 0.114573 0.049769 0.0494097 0.00557339 -0.0362279 0.006078 -5.90086e-06 0.000726581 0.146879 -0.0154477 0.0638338 -0.0973857 -0.0578539 -0.0737723 -0.171833 -0.0788565 -0.0789379 -0.188081 -0.0766502 -0.169723 0.142308 -0.0880193 0.0457494 0.0349473 0.0125875 0.0434947 -0.0471596 0.00225103 0.0924352 0.0113001 -0.0493033 0.0173599 -0.0887784 0.019419 -0.0107 0.0210165 0.0976247 0.00549293 
-0.304983 -0.50311 -0.620886 -0.703232 0.672232 1 0.151045 0.235593 0.0794718 0.311106 0.310619 0.0405813 0.229938 0.229727 0.189345 0.0173607 -0.0516382 0.0530435 0.053782 0.0535088 0.0473949 -0.0680009 0.0476708 -0.0551926 -0.0543967 0.175711 0.0268493 0.0714914 -0.127615 -0.0520819 -0.133611 -0.243308 -0.161601 -0.162352 -0.314134 -0.147649 -0.288206 0.226321 -0.215484 0.0593939 0.0289879 -0.0648236 -0.0392556 -0.0216772 -0.0120574 0.0576576 -0.0035032 -0.119839 -0.0015083 -0.076565 0.019047 -0.00703853 0.0938729 0.100131 0.0196705 
-0.0991403 -0.169917 0.108347 0.123554 -0.110768 0.151045 1 -0.0992717 -0.119936 -0.178534 -0.178541 -0.0417457 0.093636 0.0942636 0.0479279 0.0717142 -0.227344 -0.0593037 -0.0160769 -0.0160004 0.00168896 -0.19617 0.00186324 0.0343143 0.0325035 0.0996395 0.00607455 0.0552952 -0.068875 -0.0438671 -0.0506789 -0.107196 -0.0448581 -0.0450467 -0.103378 -0.0422847 -0.103111 0.0874349 -0.110731 0.00920177 0.0851612 -0.126369 -0.14626 0.0427401 0.0248677 0.0783424 0.0224956 -0.114851 0.102048 -0.0565484 0.147582 0.0411136 0.047593 0.0328877 0.169315 
0.0833851 -0.0268443 -0.114123 -0.109013 0.26547 0.235593 -0.0992717 1 0.600247 0.416072 0.416509 -0.0707686 0.178742 0.178576 0.0725616 0.112673 -0.0834844 -0.103355 -0.0848524 -0.0847677 -0.0288207 0.0257257 -0.0285019 0.0574327 0.0563637 0.132372 -0.0989224 0.194942 -0.199721 -0.0575345 0.121368 -0.142873 0.0517876 0.0520847 -0.0610503 -0.00706476 -0.0919588 0.114239 -0.109323 -0.105376 0.0315653 -0.0425712 0.0217119 -0.103596 -0.0468144 0.085161 -0.0414934 -0.119484 -0.00560975 0.000119686 0.0036639 -0.208791 -0.0324756 0.0977095 -0.00623244 
-0.0179806 0.190342 0.0889426 -0.0311335 -0.0364212 0.0794718 -0.119936 0.600247 1 0.457258 0.456831 -0.148713 0.26328 0.264125 -0.153512 0.201979 -0.103797 -0.0830647 0.00827253 0.00906575 0.125603 0.0122111 0.125249 -0.0315683 -0.0315707 0.130376 -0.0207021 0.161039 -0.0421665 0.189771 0.0608149 -0.00487232 0.184791 0.185226 -0.015164 0.148084 -0.0293189 0.19127 -0.0804806 -0.067515 -0.0283473 -0.00735992 0.0348306 -0.100917 -0.00861055 0.0333831 0.0110046 -0.042803 -0.0485955 0.096007 0.0869823 -0.177219 -0.0219576 0.094587 0.0622116 
0.124348 0.0070858 -0.132635 -0.233052 0.183775 0.311106 -0.178534 0.416072 0.457258 1 0.99889 -0.272551 -0.103642 -0.103457 -0.0608705 -0.290449 -0.0532079 0.0790234 -0.0117984 -0.012317 0.108906 -0.0682259 0.108851 -0.0647849 -0.0590845 0.00861597 -0.0663 -0.112264 0.0267327 -0.0816455 -0.171472 -0.107704 -0.0675365 -0.0678775 -0.103943 -0.0805224 -0.120513 0.0696731 0.00375605 -0.0326379 -0.110853 -0.0782186 -0.0285262 -0.0747496 -0.0340095 0.0427055 -0.0239826 -0.090986 -0.0315316 -0.043944 -0.0323498 -0.129336 0.020925 0.00028789 -0.0489029 
0.123839 0.00644839 -0.133238 -0.234251 0.185438 0.310619 -0.178541 0.416509 0.456831 0.99889 1 -0.273187 -0.10459 -0.104402 -0.0606733 -0.289949 -0.0527092 0.0784335 -0.0121856 -0.0127039 0.107959 -0.0677381 0.107904 -0.0645587 -0.0588652 0.0076679 -0.0660959 -0.112707 0.0263709 -0.0829553 -0.171022 -0.107723 -0.0687754 -0.0691162 -0.104043 -0.0817807 -0.120565 0.0685186 0.00389051 -0.0324996 -0.109466 -0.0790741 -0.0290812 -0.0750929 -0.0343013 0.0440429 -0.0242806 -0.0920637 -0.0301719 -0.0452226 -0.0327486 -0.129769 0.0197699 0.000878692 -0.0493025 
-0.0151047 -0.0507358 -0.0795655 -0.0492089 0.0831449 0.0405813 -0.0417457 -0.0707686 -0.148713 -0.272551 -0.273187 1 0.185167 0.183973 0.0783955 -0.00466466 -0.315826 -0.0994952 -0.132776 -0.132762 -0.0174111 -0.042954 -0.0177797 -0.0696945 -0.072663 0.0441904 -0.190453 0.0174605 -0.0410476 0.00162816 -0.0575536 -0.0757057 -0.00104702 -0.00138223 -0.0660551 0.0374835 -0.0450608 0.0940095 -0.079001 0.0725337 0.0405754 0.0777384 0.0876509 0.00474381 0.0316511 -0.0202582 0.0380014 0.0425463 0.0556411 -0.0649832 -0.00761014 0.00778306 -0.04032 0.0183625 -0.0110335 
-0.244987 -0.0506153 -0.104553 -0.104389 0.119289 0.229938 0.093636 0.178742 0.26328 -0.103642 -0.10459 0.185167 1 0.997055 -0.0808909 0.596893 -0.141046 -0.120444 0.180421 0.180969 0.274722 0.177836 0.274428 0.0314745 0.0218865 0.455767 0.026693 0.324321 -0.263721 0.0639254 -0.131595 -0.385852 0.0681005 0.0679697 -0.377226 0.0545402 -0.369594 0.525095 -0.317981 -0.012241 0.0685817 -0.0436155 -0.0390215 -0.00516129 0.0260277 0.100559 0.0278687 -0.106133 0.113994 -0.0620251 0.0809493 -0.0723195 -0.0944552 0.105437 0.0842235 
-0.244794 -0.0502188 -0.10507 -0.104803 0.118977 0.229727 0.0942636 0.178576 0.264125 -0.103457 -0.104402 0.183973 0.997055 1 -0.0802484 0.597568 -0.141512 -0.12011 0.179854 0.1804 0.273897 0.176992 0.273602 0.0305512 0.0209904 0.455232 0.0258954 0.323612 -0.262494 0.0652968 -0.131625 -0.384661 0.0692974 0.0691684 -0.376621 0.0555164 -0.368693 0.524888 -0.317196 -0.0112004 0.0679775 -0.0427905 -0.0383984 -0.00533235 0.0269591 0.101049 0.0287811 -0.105297 0.113435 -0.0613291 0.0824215 -0.0700459 -0.0928391 0.104212 0.0852422 
-0.0961976 -0.155534 -0.0801939 -0.10045 0.0949067 0.189345 0.0479279 0.0725616 -0.153512 -0.0608705 -0.0606733 0.0783955 -0.0808909 -0.0802484 1 -0.0729558 0.18095 0.0647244 0.0417323 0.0416901 -0.0464053 0.0378901 -0.046589 0.017596 0.0197616 0.00984061 -0.0456097 0.0957255 -0.0595862 0.0238628 0.10945 0.0233158 -0.0712401 -0.0710499 -0.015705 -0.0849915 -0.0255925 -0.0629559 -0.00604177 0.00113058 -0.0664905 -0.0890052 -0.073933 -0.202805 -0.272326 -0.105406 -0.205655 -0.0700315 -0.0789729 0.0591788 -0.0291713 -0.0209066 0.0333369 0.0493175 -0.0257835 
-0.250409 -0.103951 0.0518037 0.0416831 -0.0528224 0.0173607 0.0717142 0.112673 0.201979 -0.290449 -0.289949 -0.00466466 0.596893 0.597568 -0.0729558 1 0.0208762 -0.20712 0.0831614 0.0838164 0.0993688 0.225958 0.099122 0.00616336 -0.00504452 0.154636 0.0926439 0.161367 -0.135826 0.0409396 0.0384797 -0.126107 -0.00624764 -0.00592488 -0.177539 -0.0309416 -0.162599 0.189429 -0.138199 -0.00429326 -0.0861576 0.00288546 -0.0141574 -0.0154505 -0.0435988 -0.0054186 -0.0416803 -0.0763944 -0.00856787 0.0134197 -0.00189936 -0.00489485 -0.0562419 -0.0109937 -0.00246257 
-0.0343108 0.0527048 -0.0580955 -0.101076 0.109566 -0.0516382 -0.227344 -0.0834844 -0.103797 -0.0532079 -0.0527092 -0.315826 -0.141046 -0.141512 0.18095 0.0208762 1 0.372191 0.274344 0.274889 -0.119346 0.197664 -0.119435 0.0157945 0.0183189 -0.0681131 0.179304 -0.022095 0.0565965 0.0360637 0.0381302 0.109824 -0.0470185 -0.0464479 0.0552605 0.0367751 0.110084 -0.111645 0.16057 0.197287 -0.107457 -0.0530305 0.000417352 -0.0396179 -0.0495566 -0.00808775 -0.0493232 -0.0741648 0.0235342 0.00342512 0.000225782 0.0385313 0.00953281 -0.0250388 -0.0343896 
-0.036876 0.0549445 -0.106442 -0.101329 0.114573 0.0530435 -0.0593037 -0.103355 -0.0830647 0.0790234 0.0784335 -0.0994952 -0.120444 -0.12011 0.0647244 -0.20712 0.372191 1 0.754191 0.753905 0.333782 0.00765908 0.33362 0.00210571 0.00767064 -0.020129 0.0480887 -0.159924 0.294819 0.195687 -0.194941 0.177063 0.0474567 0.0472953 0.0532224 0.0772098 0.0733547 -0.0284556 0.215993 0.0939164 -0.00417447 -0.187897 -0.218305 -0.0794284 -0.0210429 0.134806 -0.0207663 -0.16813 0.140038 -0.15857 -0.071963 0.0987732 0.0716161 -0.165518 -0.0708282 
-0.15906 -0.00803578 -0.063209 -0.0593984 0.049769 0.053782 -0.0160769 -0.0848524 0.00827253 -0.0117984 -0.0121856 -0.132776 0.180421 0.179854 0.0417323 0.0831614 0.274344 0.754191 1 0.99918 0.538001 0.274326 0.53767 0.0868604 0.0945133 0.133692 0.0825021 -0.0632391 0.25222 0.218636 -0.277258 0.0717041 0.118381 0.118434 -0.00843197 0.148108 0.00375044 0.123034 0.193559 0.0854381 -0.0537807 -0.184872 -0.231258 -0.142242 -0.0810025 0.103217 -0.0750113 -0.19676 0.0997646 -0.108097 -0.0731794 0.117918 0.0343317 -0.185065 -0.0691341 
-0.159538 -0.00812286 -0.0628464 -0.0590772 0.0494097 0.0535088 -0.0160004 -0.0847677 0.00906575 -0.012317 -0.0127039 -0.132762 0.180969 0.1804 0.0416901 0.0838164 0.274889 0.753905 0.99918 1 0.536867 0.274373 0.536535 0.0868534 0.0945162 0.133598 0.0825043 -0.0622913 0.251141 0.218401 -0.275873 0.0716084 0.118183 0.118236 -0.00856131 0.147877 0.00361156 0.12296 0.19278 0.0854666 -0.0536572 -0.183715 -0.230027 -0.142692 -0.081517 0.10204 -0.075525 -0.195782 0.0985935 -0.106933 -0.0724809 0.117825 0.0342361 -0.183768 -0.0684318 
-0.143491 0.0205734 -0.0095554 -0.00413489 0.00557339 0.0473949 0.00168896 -0.0288207 0.125603 0.108906 0.107959 -0.0174111 0.274722 0.273897 -0.0464053 0.0993688 -0.119346 0.333782 0.538001 0.536867 1 0.341333 0.999539 0.115391 0.114138 0.18896 0.108917 -0.180361 0.355115 0.191121 -0.498131 0.00575662 0.052887 0.0533565 -0.0811252 0.0789098 -0.0545603 0.147007 0.102612 0.0894749 -0.0275654 -0.076842 -0.139878 0.057052 0.081948 0.151723 0.0899252 -0.0545976 0.0960988 -0.0761686 -0.0847611 -0.00784224 -0.0187886 -0.126742 -0.0711524 
-0.0949366 0.0209194 0.0602853 0.119071 -0.0362279 -0.0680009 -0.19617 0.0257257 0.0122111 -0.0682259 -0.0677381 -0.042954 0.177836 0.176992 0.0378901 0.225958 0.197664 0.00765908 0.274326 0.274373 0.341333 1 0.341478 0.109779 0.113729 0.115227 -0.0035249 0.0443628 0.0156465 0.0160596 -0.111251 -0.0542963 -0.163239 -0.163221 -0.199058 -0.0741332 -0.138622 0.092042 -0.0858202 0.220465 -0.068867 -0.0193641 -0.0366093 -0.026112 -0.0624692 -0.0211331 -0.0575684 -0.0855464 -0.00998187 0.00859618 -0.106591 0.0924064 0.0682842 -0.104386 -0.12426 
-0.1436 0.0200146 -0.010029 -0.00468856 0.006078 0.0476708 0.00186324 -0.0285019 0.125249 0.108851 0.107904 -0.0177797 0.274428 0.273602 -0.046589 0.099122 -0.119435 0.33362 0.53767 0.536535 0.999539 0.341478 1 0.11618 0.114938 0.189592 0.109881 -0.180262 0.355234 0.190924 -0.498688 0.00543487 0.0528142 0.0532843 -0.0813799 0.0787649 -0.0548465 0.147219 0.102502 0.0893888 -0.026793 -0.077324 -0.140338 0.0570365 0.0823406 0.152773 0.0903187 -0.0551607 0.0963833 -0.0760701 -0.0843217 -0.0067327 -0.0175257 -0.127457 -0.070691 
-0.0168322 0.00215507 0.0552599 0.0487665 -5.90086e-06 -0.0551926 0.0343143 0.0574327 -0.0315683 -0.0647849 -0.0645587 -0.0696945 0.0314745 0.0305512 0.017596 0.00616336 0.0157945 0.00210571 0.0868604 0.0868534 0.115391 0.109779 0.11618 1 0.988659 0.415488 -0.0472448 0.273791 -0.232485 -0.589381 -0.0945686 -0.309003 0.0951444 0.0953488 0.170799 0.0866995 0.163847 -0.11883 0.180666 -0.0101428 -0.0371423 0.124721 0.0172696 0.117079 0.0854998 -0.117784 0.0901986 0.182725 -0.128996 0.104869 -0.135534 -0.0696861 -0.0214251 -0.00618374 -0.123877 
-0.0133264 0.00306165 0.0554847 0.0482289 0.000726581 -0.0543967 0.0325035 0.0563637 -0.0315707 -0.0590845 -0.0588652 -0.072663 0.0218865 0.0209904 0.0197616 -0.00504452 0.0183189 0.00767064 0.0945133 0.0945162 0.114138 0.113729 0.114938 0.988659 1 0.423754 -0.0478483 0.28192 -0.230856 -0.582697 -0.0935759 -0.306041 0.107659 0.10786 0.17941 0.100949 0.172093 -0.118445 0.188467 -0.00871503 -0.043435 0.125329 0.0169841 0.114615 0.0842183 -0.12321 0.0890074 0.185404 -0.126083 0.103313 -0.13868 -0.0693981 -0.0186053 -0.0103853 -0.12431 
-0.0914625 0.0471363 -0.0812564 -0.110468 0.146879 0.175711 0.0996395 0.132372 0.130376 0.00861597 0.0076679 0.0441904 0.455767 0.455232 0.00984061 0.154636 -0.0681131 -0.020129 0.133692 0.133598 0.18896 0.115227 0.189592 0.415488 0.423754 1 -0.104686 0.657681 -0.555225 -0.148125 -0.223231 -0.773002 0.259614 0.258416 -0.419424 0.231773 -0.451263 0.779093 -0.376985 -0.0711725 0.110403 -0.0558951 -0.118718 0.0396376 0.0984676 0.0829117 0.0875622 -0.0760804 0.083092 -0.00326991 0.0195954 -0.0836181 -0.028982 0.0582895 0.0288142 
-0.0775821 -0.00251782 0.0245966 0.0022161 -0.0154477 0.0268493 0.00607455 -0.0989224 -0.0207021 -0.0663 -0.0660959 -0.190453 0.026693 0.0258954 -0.0456097 0.0926439 0.179304 0.0480887 0.0825021 0.0825043 0.108917 -0.0035249 0.109881 -0.0472448 -0.0478483 -0.104686 1 -0.160115 0.187572 0.0786568 -0.0810807 0.131463 -0.373537 -0.372104 -0.249328 -0.413909 -0.251583 -0.0922584 -0.227114 -0.000933766 -0.013604 -0.0924919 -0.0767303 0.0779848 0.0624454 0.182087 0.065804 -0.099146 0.114846 0.0518906 0.0118239 0.026505 -0.0444241 -0.123437 0.00598097 
-0.0118489 0.0956279 -0.00833225 -0.0171174 0.0638338 0.0714914 0.0552952 0.194942 0.161039 -0.112264 -0.112707 0.0174605 0.324321 0.323612 0.0957255 0.161367 -0.022095 -0.159924 -0.0632391 -0.0622913 -0.180361 0.0443628 -0.180262 0.273791 0.28192 0.657681 -0.160115 1 -0.843254 0.000724673 0.520569 -0.473908 0.340881 0.340177 -0.147229 0.353606 -0.184174 0.560634 -0.319645 -0.0961162 0.0826432 -0.0292898 -0.0465698 -0.144871 -0.117154 -0.0662214 -0.133265 -0.0417818 -0.0493214 0.109407 0.158877 -0.135101 -0.0681126 0.291785 0.166184 
-0.0445446 -0.00842762 0.0478836 0.0750456 -0.0973857 -0.127615 -0.068875 -0.199721 -0.0421665 0.0267327 0.0263709 -0.0410476 -0.263721 -0.262494 -0.0595862 -0.135826 0.0565965 0.294819 0.25222 0.251141 0.355115 0.0156465 0.355234 -0.232485 -0.230856 -0.555225 0.187572 -0.843254 1 0.414119 -0.441821 0.707684 -0.0247015 -0.0242048 0.329789 -0.0227976 0.375668 -0.477225 0.478621 0.119513 -0.0540563 -0.0405493 -0.0353868 0.0874404 0.085441 0.117683 0.101398 0.00390482 0.0903214 -0.0834631 -0.0787205 0.123479 0.0453739 -0.26201 -0.0724493 
-0.0806985 0.125564 0.0263418 0.0559484 -0.0578539 -0.0520819 -0.0438671 -0.0575345 0.189771 -0.0816455 -0.0829553 0.00162816 0.0639254 0.0652968 0.0238628 0.0409396 0.0360637 0.195687 0.218636 0.218401 0.191121 0.0160596 0.190924 -0.589381 -0.582697 -0.148125 0.0786568 0.000724673 0.414119 1 0.159518 0.562667 0.383552 0.383147 0.1603 0.407813 0.179321 0.182638 0.124729 0.0225352 0.0671576 -0.182088 -0.128977 -0.152333 -0.0963213 0.160778 -0.0989254 -0.172187 0.145147 -0.0302351 0.204593 0.0347388 -0.015772 0.04129 0.214862 
0.073812 0.0615954 0.0722135 0.0955956 -0.0737723 -0.133611 -0.0506789 0.121368 0.0608149 -0.171472 -0.171022 -0.0575536 -0.131595 -0.131625 0.10945 0.0384797 0.0381302 -0.194941 -0.277258 -0.275873 -0.498131 -0.111251 -0.498688 -0.0945686 -0.0935759 -0.223231 -0.0810807 0.520569 -0.441821 0.159518 1 0.279477 0.206896 0.207257 0.305709 0.184087 0.29153 -0.183604 0.0118419 -0.0629007 0.0248358 0.0502826 0.0974414 -0.214807 -0.240397 -0.154453 -0.250142 0.0666701 -0.154667 0.151756 0.199126 -0.0811148 -0.0452116 0.322666 0.196874 
0.0138441 0.0417459 0.117069 0.163025 -0.171833 -0.243308 -0.107196 -0.142873 -0.00487232 -0.107704 -0.107723 -0.0757057 -0.385852 -0.384661 0.0233158 -0.126107 0.109824 0.177063 0.0717041 0.0716084 0.00575662 -0.0542963 0.00543487 -0.309003 -0.306041 -0.773002 0.131463 -0.473908 0.707684 0.562667 0.279477 1 0.0827775 0.083625 0.60905 0.124672 0.647169 -0.670748 0.545231 0.0785609 -0.0445514 -0.0178671 0.0247326 -0.0837268 -0.112033 -0.00348657 -0.101159 0.0411848 -0.0345057 0.0256032 0.059263 0.0601122 0.00693798 -0.0273743 0.0653278 
0.0574981 0.185559 0.0803763 0.0652606 -0.0788565 -0.161601 -0.0448581 0.0517876 0.184791 -0.0675365 -0.0687754 -0.00104702 0.0681005 0.0692974 -0.0712401 -0.00624764 -0.0470185 0.0474567 0.118381 0.118183 0.052887 -0.163239 0.0528142 0.0951444 0.107659 0.259614 -0.373537 0.340881 -0.0247015 0.383552 0.206896 0.0827775 1 0.998855 0.578885 0.890954 0.495556 0.234115 0.433064 -0.246511 0.0357378 0.0395516 0.0113187 -0.0959228 -0.0134152 -0.0561877 -0.0493121 0.104734 -0.0679135 0.103002 0.112562 -0.095989 -0.0602589 0.107752 0.125796 
0.0569868 0.184754 0.0804207 0.0653991 -0.0789379 -0.162352 -0.0450467 0.0520847 0.185226 -0.0678775 -0.0691162 -0.00138223 0.0679697 0.0691684 -0.0710499 -0.00592488 -0.0464479 0.0472953 0.118434 0.118236 0.0533565 -0.163221 0.0532843 0.0953488 0.10786 0.258416 -0.372104 0.340177 -0.0242048 0.383147 0.207257 0.083625 0.998855 1 0.579545 0.890442 0.496279 0.232726 0.433656 -0.246347 0.0353576 0.0394992 0.01118 -0.0953198 -0.0131801 -0.0558765 -0.0490658 0.104306 -0.0672123 0.102846 0.112554 -0.0955166 -0.0599779 0.107045 0.125759 
0.126702 0.099673 0.160185 0.171017 -0.188081 -0.314134 -0.103378 -0.0610503 -0.015164 -0.103943 -0.104043 -0.0660551 -0.377226 -0.376621 -0.015705 -0.177539 0.0552605 0.0532224 -0.00843197 -0.00856131 -0.0811252 -0.199058 -0.0813799 0.170799 0.17941 -0.419424 -0.249328 -0.147229 0.329789 0.1603 0.305709 0.60905 0.578885 0.579545 1 0.58913 0.946293 -0.605972 0.837025 -0.185892 -0.0611352 0.124242 0.106299 -0.0494038 -0.0533717 -0.157531 -0.0686974 0.227451 -0.181013 0.109193 0.0215381 -0.0632074 -0.0302264 0.0689896 0.0379424 
0.0488269 0.183813 0.083071 0.0651819 -0.0766502 -0.147649 -0.0422847 -0.00706476 0.148084 -0.0805224 -0.0817807 0.0374835 0.0545402 0.0555164 -0.0849915 -0.0309416 0.0367751 0.0772098 0.148108 0.147877 0.0789098 -0.0741332 0.0787649 0.0866995 0.100949 0.231773 -0.413909 0.353606 -0.0227976 0.407813 0.184087 0.124672 0.890954 0.890442 0.58913 1 0.600893 0.2067 0.541974 0.0680978 -0.00359845 -0.00279999 -0.0314545 -0.0895353 -0.0185357 -0.0167313 -0.0555731 0.0588253 -0.0198855 0.0274433 0.104255 -0.125198 -0.0764359 0.14787 0.121473 
0.0862476 0.07919 0.143705 0.153787 -0.169723 -0.288206 -0.103111 -0.0919588 -0.0293189 -0.120513 -0.120565 -0.0450608 -0.369594 -0.368693 -0.0255925 -0.162599 0.110084 0.0733547 0.00375044 0.00361156 -0.0545603 -0.138622 -0.0548465 0.163847 0.172093 -0.451263 -0.251583 -0.184174 0.375668 0.179321 0.29153 0.647169 0.495556 0.496279 0.946293 0.600893 1 -0.644474 0.881048 0.0958101 -0.0835165 0.119105 0.104575 -0.0243604 -0.0355084 -0.121398 -0.05203 0.21549 -0.140495 0.0602494 0.0108417 -0.0691321 -0.03855 0.081391 0.0292273 
-0.0699815 0.0765965 -0.10392 -0.134209 0.142308 0.226321 0.0874349 0.114239 0.19127 0.0696731 0.0685186 0.0940095 0.525095 0.524888 -0.0629559 0.189429 -0.111645 -0.0284556 0.123034 0.12296 0.147007 0.092042 0.147219 -0.11883 -0.118445 0.779093 -0.0922584 0.560634 -0.477225 0.182638 -0.183604 -0.670748 0.234115 0.232726 -0.605972 0.2067 -0.644474 1 -0.570136 -0.0735379 0.0979705 -0.136304 -0.143844 -0.0555806 0.0284617 0.128567 0.0128924 -0.198274 0.147969 -0.0378532 0.098004 -0.0403779 -0.025578 0.0549124 0.0925672 
0.057312 0.0103872 0.0688303 0.0894606 -0.0880193 -0.215484 -0.110731 -0.109323 -0.0804806 0.00375605 0.00389051 -0.079001 -0.317981 -0.317196 -0.00604177 -0.138199 0.16057 0.215993 0.193559 0.19278 0.102612 -0.0858202 0.102502 0.180666 0.188467 -0.376985 -0.227114 -0.319645 0.478621 0.124729 0.0118419 0.545231 0.433064 0.433656 0.837025 0.541974 0.881048 -0.570136 1 0.112308 -0.16993 0.0108284 -0.0223055 -0.0741326 -0.0746741 -0.0404897 -0.0884134 0.073025 -0.0615867 -0.00952411 -0.0615965 -0.0161446 -0.00744933 -0.0620979 -0.0425115 
-0.0904773 -0.0478465 -0.0350844 -0.0381496 0.0457494 0.0593939 0.00920177 -0.105376 -0.067515 -0.0326379 -0.0324996 0.0725337 -0.012241 -0.0112004 0.00113058 -0.00429326 0.197287 0.0939164 0.0854381 0.0854666 0.0894749 0.220465 0.0893888 -0.0101428 -0.00871503 -0.0711725 -0.000933766 -0.0961162 0.119513 0.0225352 -0.0629007 0.0785609 -0.246511 -0.246347 -0.185892 0.0680978 0.0958101 -0.0735379 0.112308 1 -0.0593836 -0.0665652 -0.0617884 0.0633491 0.0344256 0.140529 0.0397698 -0.0825721 0.14971 -0.181416 -0.057941 -0.0154004 -0.0268257 0.0162338 -0.0550286 
-0.116933 -0.0132421 -0.0463682 -0.0451047 0.0349473 0.0289879 0.0851612 0.0315653 -0.0283473 -0.110853 -0.109466 0.0405754 0.0685817 0.0679775 -0.0664905 -0.0861576 -0.107457 -0.00417447 -0.0537807 -0.0536572 -0.0275654 -0.068867 -0.026793 -0.0371423 -0.043435 0.110403 -0.013604 0.0826432 -0.0540563 0.0671576 0.0248358 -0.0445514 0.0357378 0.0353576 -0.0611352 -0.00359845 -0.0835165 0.0979705 -0.16993 -0.0593836 1 -0.110333 -0.152778 0.359815 0.295696 0.348925 0.273063 -0.111655 0.199982 -0.254361 0.0356145 0.125817 0.104072 0.0819569 0.0441635 
-0.029695 -0.0909308 -0.0800565 -0.0749237 0.0125875 -0.0648236 -0.126369 -0.0425712 -0.00735992 -0.0782186 -0.0790741 0.0777384 -0.0436155 -0.0427905 -0.0890052 0.00288546 -0.0530305 -0.187897 -0.184872 -0.183715 -0.076842 -0.0193641 -0.077324 0.124721 0.125329 -0.0558951 -0.0924919 -0.0292898 -0.0405493 -0.182088 0.0502826 -0.0178671 0.0395516 0.0394992 0.124242 -0.00279999 0.119105 -0.136304 0.0108284 -0.0665652 -0.110333 1 0.876302 0.296107 0.24028 -0.406635 0.2366 0.786662 -0.368913 0.335722 -0.208556 -0.227529 -0.15002 0.138965 -0.218933 
0.0199795 -0.0633932 -0.0542457 -0.0487916 0.0434947 -0.0392556 -0.14626 0.0217119 0.0348306 -0.0285262 -0.0290812 0.0876509 -0.0390215 -0.0383984 -0.073933 -0.0141574 0.000417352 -0.218305 -0.231258 -0.230027 -0.139878 -0.0366093 -0.140338 0.0172696 0.0169841 -0.118718 -0.0767303 -0.0465698 -0.0353868 -0.128977 0.0974414 0.0247326 0.0113187 0.01118 0.106299 -0.0314545 0.104575 -0.143844 -0.0223055 -0.0617884 -0.152778 0.876302 1 0.258976 0.207558 -0.406181 0.206393 0.746171 -0.377884 0.301079 -0.0591709 -0.199097 -0.128834 0.224352 -0.0766211 
-0.015076 0.0484536 0.0481135 0.0245165 -0.0471596 -0.0216772 0.0427401 -0.103596 -0.100917 -0.0747496 -0.0750929 0.00474381 -0.00516129 -0.00533235 -0.202805 -0.0154505 -0.0396179 -0.0794284 -0.142242 -0.142692 0.057052 -0.026112 0.0570365 0.117079 0.114615 0.0396376 0.0779848 -0.144871 0.0874404 -0.152333 -0.214807 -0.0837268 -0.0959228 -0.0953198 -0.0494038 -0.0895353 -0.0243604 -0.0555806 -0.0741326 0.0633491 0.359815 0.296107 0.258976 1 0.792292 0.115222 0.761568 0.344763 0.219397 -0.255428 -0.118398 0.120853 0.0877432 -0.017563 -0.0701881 
0.0673443 0.123239 0.0016433 -0.0354726 0.00225103 -0.0120574 0.0248677 -0.0468144 -0.00861055 -0.0340095 -0.0343013 0.0316511 0.0260277 0.0269591 -0.272326 -0.0435988 -0.0495566 -0.0210429 -0.0810025 -0.081517 0.081948 -0.0624692 0.0823406 0.0854998 0.0842183 0.0984676 0.0624454 -0.117154 0.085441 -0.0963213 -0.240397 -0.112033 -0.0134152 -0.0131801 -0.0533717 -0.0185357 -0.0355084 0.0284617 -0.0746741 0.0344256 0.295696 0.24028 0.207558 0.792292 1 0.360677 0.95579 0.279306 0.303752 -0.186017 -0.0576397 0.0823781 0.0386897 -0.140029 0.000229955 
-0.00630087 0.0595073 -0.0505245 -0.0582619 0.0924352 0.0576576 0.0783424 0.085161 0.0333831 0.0427055 0.0440429 -0.0202582 0.100559 0.101049 -0.105406 -0.0054186 -0.00808775 0.134806 0.103217 0.10204 0.151723 -0.0211331 0.152773 -0.117784 -0.12321 0.0829117 0.182087 -0.0662214 0.117683 0.160778 -0.154453 -0.00348657 -0.0561877 -0.0558765 -0.157531 -0.0167313 -0.121398 0.128567 -0.0404897 0.140529 0.348925 -0.406635 -0.406181 0.115222 0.360677 1 0.35147 -0.532442 0.745363 -0.456707 0.132902 0.0761495 0.0774653 -0.197216 0.138335 
0.0696127 0.121497 -0.00532383 -0.0444611 0.0113001 -0.0035032 0.0224956 -0.0414934 0.0110046 -0.0239826 -0.0242806 0.0380014 0.0278687 0.0287811 -0.205655 -0.0416803 -0.0493232 -0.0207663 -0.0750113 -0.075525 0.0899252 -0.0575684 0.0903187 0.0901986 0.0890074 0.0875622 0.065804 -0.133265 0.101398 -0.0989254 -0.250142 -0.101159 -0.0493121 -0.0490658 -0.0686974 -0.0555731 -0.05203 0.0128924 -0.0884134 0.0397698 0.273063 0.2366 0.206393 0.761568 0.95579 0.35147 1 0.281276 0.301569 -0.185998 -0.0444701 0.112779 0.0841838 -0.163078 -0.00294453 
0.0245745 0.00738657 -0.0181164 -0.0284466 -0.0493033 -0.119839 -0.114851 -0.119484 -0.042803 -0.090986 -0.0920637 0.0425463 -0.106133 -0.105297 -0.0700315 -0.0763944 -0.0741648 -0.16813 -0.19676 -0.195782 -0.0545976 -0.0855464 -0.0551607 0.182725 0.185404 -0.0760804 -0.099146 -0.0417818 0.00390482 -0.172187 0.0666701 0.0411848 0.104734 0.104306 0.227451 0.0588253 0.21549 -0.198274 0.073025 -0.0825721 -0.111655 0.786662 0.746171 0.344763 0.279306 -0.532442 0.281276 1 -0.49148 0.408937 -0.200253 -0.160583 -0.179132 0.147668 -0.180834 
0.0607227 0.142389 0.0114378 0.0167142 0.0173599 -0.0015083 0.102048 -0.00560975 -0.0485955 -0.0315316 -0.0301719 0.0556411 0.113994 0.113435 -0.0789729 -0.00856787 0.0235342 0.140038 0.0997646 0.0985935 0.0960988 -0.00998187 0.0963833 -0.128996 -0.126083 0.083092 0.114846 -0.0493214 0.0903214 0.145147 -0.154667 -0.0345057 -0.0679135 -0.0672123 -0.181013 -0.0198855 -0.140495 0.147969 -0.0615867 0.14971 0.199982 -0.368913 -0.377884 0.219397 0.303752 0.745363 0.301569 -0.49148 1 -0.605611 0.0661204 0.0683873 0.00694728 -0.141161 0.0808599 
0.00924659 0.00959516 0.0686764 0.057398 -0.0887784 -0.076565 -0.0565484 0.000119686 0.096007 -0.043944 -0.0452226 -0.0649832 -0.0620251 -0.0613291 0.0591788 0.0134197 0.00342512 -0.15857 -0.108097 -0.106933 -0.0761686 0.00859618 -0.0760701 0.104869 0.103313 -0.00326991 0.0518906 0.109407 -0.0834631 -0.0302351 0.151756 0.0256032 0.103002 0.102846 0.109193 0.0274433 0.0602494 -0.0378532 -0.00952411 -0.181416 -0.254361 0.335722 0.301079 -0.255428 -0.186017 -0.456707 -0.185998 0.408937 -0.605611 1 -0.0235652 -0.167723 -0.0378486 0.0387762 0.016487 
0.0285568 0.0529606 0.028435 0.0625646 0.019419 0.019047 0.147582 0.0036639 0.0869823 -0.0323498 -0.0327486 -0.00761014 0.0809493 0.0824215 -0.0291713 -0.00189936 0.000225782 -0.071963 -0.0731794 -0.0724809 -0.0847611 -0.106591 -0.0843217 -0.135534 -0.13868 0.0195954 0.0118239 0.158877 -0.0787205 0.204593 0.199126 0.059263 0.112562 0.112554 0.0215381 0.104255 0.0108417 0.098004 -0.0615965 -0.057941 0.0356145 -0.208556 -0.0591709 -0.118398 -0.0576397 0.132902 -0.0444701 -0.200253 0.0661204 -0.0235652 1 0.289531 0.168832 0.415844 0.924914 
-0.0406622 0.0118432 0.0120918 0.0492389 -0.0107 -0.00703853 0.0411136 -0.208791 -0.177219 -0.129336 -0.129769 0.00778306 -0.0723195 -0.0700459 -0.0209066 -0.00489485 0.0385313 0.0987732 0.117918 0.117825 -0.00784224 0.0924064 -0.0067327 -0.0696861 -0.0693981 -0.0836181 0.026505 -0.135101 0.123479 0.0347388 -0.0811148 0.0601122 -0.095989 -0.0955166 -0.0632074 -0.125198 -0.0691321 -0.0403779 -0.0161446 -0.0154004 0.125817 -0.227529 -0.199097 0.120853 0.0823781 0.0761495 0.112779 -0.160583 0.0683873 -0.167723 0.289531 1 0.582164 -0.40536 0.193852 
-0.0827785 -0.0209199 -0.00905383 -0.0255034 0.0210165 0.0938729 0.047593 -0.0324756 -0.0219576 0.020925 0.0197699 -0.04032 -0.0944552 -0.0928391 0.0333369 -0.0562419 0.00953281 0.0716161 0.0343317 0.0342361 -0.0187886 0.0682842 -0.0175257 -0.0214251 -0.0186053 -0.028982 -0.0444241 -0.0681126 0.0453739 -0.015772 -0.0452116 0.00693798 -0.0602589 -0.0599779 -0.0302264 -0.0764359 -0.03855 -0.025578 -0.00744933 -0.0268257 0.104072 -0.15002 -0.128834 0.0877432 0.0386897 0.0774653 0.0841838 -0.179132 0.00694728 -0.0378486 0.168832 0.582164 1 -0.23696 0.174313 
-0.0237665 -0.0518917 -0.0943162 -0.0789834 0.0976247 0.100131 0.0328877 0.0977095 0.094587 0.00028789 0.000878692 0.0183625 0.105437 0.104212 0.0493175 -0.0109937 -0.0250388 -0.165518 -0.185065 -0.183768 -0.126742 -0.104386 -0.127457 -0.00618374 -0.0103853 0.0582895 -0.123437 0.291785 -0.26201 0.04129 0.322666 -0.0273743 0.107752 0.107045 0.0689896 0.14787 0.081391 0.0549124 -0.0620979 0.0162338 0.0819569 0.138965 0.224352 -0.017563 -0.140029 -0.197216 -0.163078 0.147668 -0.141161 0.0387762 0.415844 -0.40536 -0.23696 1 0.467839 
0.0340817 0.0601984 0.0507133 0.0884802 0.00549293 0.0196705 0.169315 -0.00623244 0.0622116 -0.0489029 -0.0493025 -0.0110335 0.0842235 0.0852422 -0.0257835 -0.00246257 -0.0343896 -0.0708282 -0.0691341 -0.0684318 -0.0711524 -0.12426 -0.070691 -0.123877 -0.12431 0.0288142 0.00598097 0.166184 -0.0724493 0.214862 0.196874 0.0653278 0.125796 0.125759 0.0379424 0.121473 0.0292273 0.0925672 -0.0425115 -0.0550286 0.0441635 -0.218933 -0.0766211 -0.0701881 0.000229955 0.138335 -0.00294453 -0.180834 0.0808599 0.016487 0.924914 0.193852 0.174313 0.467839 1 
